# Part 3 blocking sweep  2026-10-07 22:09:39 UTC
# host=ip-172-31-37-6.ec2.internal machine=x86_64 numba=0.60.0 numpy=2.0.2 threads=8 runs=3 dtype=uint8
matrix_size,method,block_size,threads,run1,run2,run3,median_time,traffic_bytes,bandwidth_gbs,speedup_vs_naive
4096x4096,naive,,8,0.027290,0.021572,0.021293,0.021572,33554432,1.5555,1.000
4096x4096,rowwise,,8,0.016456,0.016152,0.016085,0.016152,33554432,2.0774,1.336
4096x4096,blocked,8,8,0.003849,0.004026,0.003959,0.003959,33554432,8.4750,5.449
4096x4096,blocked,16,8,0.008448,0.008467,0.008440,0.008448,33554432,3.9720,2.554
4096x4096,blocked,32,8,0.007801,0.007667,0.007795,0.007795,33554432,4.3046,2.767
4096x4096,blocked,64,8,0.007759,0.008016,0.007832,0.007832,33554432,4.2844,2.754
4096x4096,blocked,128,8,0.007672,0.007699,0.007738,0.007699,33554432,4.3585,2.802
4096x4096,blocked,256,8,0.008035,0.008009,0.008021,0.008021,33554432,4.1832,2.689
8192x8192,naive,,8,0.130109,0.135646,0.114817,0.130109,134217728,1.0316,1.000
8192x8192,rowwise,,8,0.080637,0.083999,0.072202,0.080637,134217728,1.6645,1.614
8192x8192,blocked,8,8,0.014838,0.014591,0.014427,0.014591,134217728,9.1989,8.917
8192x8192,blocked,16,8,0.033179,0.033290,0.033103,0.033179,134217728,4.0453,3.921
8192x8192,blocked,32,8,0.029346,0.029294,0.029277,0.029294,134217728,4.5817,4.441
8192x8192,blocked,64,8,0.030594,0.030550,0.030619,0.030594,134217728,4.3870,4.253
8192x8192,blocked,128,8,0.031643,0.031776,0.031913,0.031776,134217728,4.2239,4.095
8192x8192,blocked,256,8,0.033076,0.033153,0.033163,0.033153,134217728,4.0484,3.925
16384x16384,naive,,8,1.047903,1.047828,1.058820,1.047903,536870912,0.5123,1.000
16384x16384,rowwise,,8,1.053019,1.077951,1.064538,1.064538,536870912,0.5043,0.984
16384x16384,blocked,8,8,0.147278,0.147408,0.148121,0.147408,536870912,3.6421,7.109
16384x16384,blocked,16,8,0.117848,0.117167,0.117017,0.117167,536870912,4.5821,8.944
16384x16384,blocked,32,8,0.132975,0.126209,0.125960,0.126209,536870912,4.2538,8.303
16384x16384,blocked,64,8,0.128603,0.128457,0.128529,0.128529,536870912,4.1770,8.153
16384x16384,blocked,128,8,0.135967,0.135607,0.135385,0.135607,536870912,3.9590,7.728
16384x16384,blocked,256,8,0.289883,0.281101,0.302258,0.289883,536870912,1.8520,3.615
