rank,shape,processes,run1,run2,run3,median_time,traffic_bytes,bandwidth_gbs,speedup
1,16777216,1,0.054761,0.054287,0.054813,0.054761,33554432,0.6127,1.000
1,16777216,2,0.027435,0.027632,0.027471,0.027471,33554432,1.2215,1.993
1,16777216,3,0.018343,0.018305,0.018351,0.018343,33554432,1.8293,2.985
1,16777216,4,0.013754,0.013759,0.014015,0.013759,33554432,2.4387,3.980
1,16777216,5,0.011326,0.011316,0.011243,0.011316,33554432,2.9653,4.839
1,16777216,6,0.009424,0.009632,0.009400,0.009424,33554432,3.5606,5.811
1,16777216,7,0.016687,0.013112,0.008158,0.013112,33554432,2.5591,4.176
1,16777216,8,0.014632,0.014609,0.009355,0.014609,33554432,2.2968,3.748
2,4096x4096,1,0.168943,0.168397,0.167525,0.168397,33554432,0.1993,1.000
2,4096x4096,2,0.082684,0.083166,0.082979,0.082979,33554432,0.4044,2.029
2,4096x4096,3,0.055953,0.056107,0.055538,0.055953,33554432,0.5997,3.010
2,4096x4096,4,0.042612,0.043521,0.041965,0.042612,33554432,0.7874,3.952
2,4096x4096,5,0.033848,0.033972,0.034473,0.033972,33554432,0.9877,4.957
2,4096x4096,6,0.037294,0.029377,0.029145,0.029377,33554432,1.1422,5.732
2,4096x4096,7,0.034157,0.026638,0.025103,0.026638,33554432,1.2597,6.322
2,4096x4096,8,0.032627,0.030929,0.021591,0.030929,33554432,1.0849,5.445
3,256x256x256,1,0.553600,0.555293,0.554237,0.554237,33554432,0.0605,1.000
3,256x256x256,2,0.276728,0.277925,0.278252,0.277925,33554432,0.1207,1.994
3,256x256x256,3,0.186544,0.187385,0.186703,0.186703,33554432,0.1797,2.969
3,256x256x256,4,0.140028,0.140118,0.140098,0.140098,33554432,0.2395,3.956
3,256x256x256,5,0.113464,0.113684,0.113383,0.113464,33554432,0.2957,4.885
3,256x256x256,6,0.095869,0.095802,0.095691,0.095802,33554432,0.3502,5.785
3,256x256x256,7,0.082276,0.089099,0.087201,0.087201,33554432,0.3848,6.356
3,256x256x256,8,0.078144,0.075930,0.085678,0.078144,33554432,0.4294,7.093
4,64x64x64x64,1,0.604253,0.601630,0.600944,0.601630,33554432,0.0558,1.000
4,64x64x64x64,2,0.306955,0.307269,0.308389,0.307269,33554432,0.1092,1.958
4,64x64x64x64,3,0.205503,0.205779,0.205204,0.205503,33554432,0.1633,2.928
4,64x64x64x64,4,0.158135,0.163351,0.157234,0.158135,33554432,0.2122,3.805
4,64x64x64x64,5,0.125664,0.126399,0.125974,0.125974,33554432,0.2664,4.776
4,64x64x64x64,6,0.106142,0.105599,0.111536,0.106142,33554432,0.3161,5.668
4,64x64x64x64,7,0.091193,0.090898,0.090471,0.090898,33554432,0.3691,6.619
4,64x64x64x64,8,0.083242,0.081929,0.082414,0.082414,33554432,0.4071,7.300
6,16x16x16x16x16x16,1,0.372830,0.374835,0.371338,0.372830,33554432,0.0900,1.000
6,16x16x16x16x16x16,2,0.209726,0.227292,0.209808,0.209808,33554432,0.1599,1.777
6,16x16x16x16x16x16,3,0.123944,0.123601,0.123865,0.123865,33554432,0.2709,3.010
6,16x16x16x16x16x16,4,0.098077,0.099042,0.096881,0.098077,33554432,0.3421,3.801
6,16x16x16x16x16x16,5,0.082601,0.076342,0.076025,0.076342,33554432,0.4395,4.884
6,16x16x16x16x16x16,6,0.063859,0.064203,0.071017,0.064203,33554432,0.5226,5.807
6,16x16x16x16x16x16,7,0.055041,0.054280,0.054279,0.054280,33554432,0.6182,6.869
6,16x16x16x16x16x16,8,0.058473,0.066832,0.081788,0.066832,33554432,0.5021,5.579
8,8x8x8x8x8x8x8x8,1,0.545248,0.545474,0.544741,0.545248,33554432,0.0615,1.000
8,8x8x8x8x8x8x8x8,2,0.273352,0.274224,0.273642,0.273642,33554432,0.1226,1.993
8,8x8x8x8x8x8x8x8,3,0.183608,0.182372,0.184439,0.183608,33554432,0.1828,2.970
8,8x8x8x8x8x8x8x8,4,0.138810,0.138502,0.141937,0.138810,33554432,0.2417,3.928
8,8x8x8x8x8x8x8x8,5,0.111871,0.111638,0.113195,0.111871,33554432,0.2999,4.874
8,8x8x8x8x8x8x8x8,6,0.093475,0.093382,0.093384,0.093384,33554432,0.3593,5.839
8,8x8x8x8x8x8x8x8,7,0.079657,0.079977,0.079958,0.079958,33554432,0.4197,6.819
8,8x8x8x8x8x8x8x8,8,0.073115,0.073837,0.072824,0.073115,33554432,0.4589,7.457
12,4x4x4x4x4x4x4x4x4x4x4x4,1,0.890661,0.890503,0.889721,0.890503,33554432,0.0377,1.000
12,4x4x4x4x4x4x4x4x4x4x4x4,2,0.445591,0.445782,0.445848,0.445782,33554432,0.0753,1.998
12,4x4x4x4x4x4x4x4x4x4x4x4,3,0.296974,0.296033,0.296027,0.296033,33554432,0.1133,3.008
12,4x4x4x4x4x4x4x4x4x4x4x4,4,0.224797,0.223601,0.223458,0.223601,33554432,0.1501,3.983
12,4x4x4x4x4x4x4x4x4x4x4x4,5,0.182114,0.182202,0.182503,0.182202,33554432,0.1842,4.887
12,4x4x4x4x4x4x4x4x4x4x4x4,6,0.152036,0.151900,0.152138,0.152036,33554432,0.2207,5.857
12,4x4x4x4x4x4x4x4x4x4x4x4,7,0.130880,0.130147,0.130152,0.130152,33554432,0.2578,6.842
12,4x4x4x4x4x4x4x4x4x4x4x4,8,0.117295,0.115480,0.115647,0.115647,33554432,0.2901,7.700
24,2x2x2x2x2x2x2x2x2x2x2x2x2x2x2x2x2x2x2x2x2x2x2x2,1,2.150489,2.149306,2.150954,2.150489,33554432,0.0156,1.000
24,2x2x2x2x2x2x2x2x2x2x2x2x2x2x2x2x2x2x2x2x2x2x2x2,2,1.077850,1.075780,1.076387,1.076387,33554432,0.0312,1.998
24,2x2x2x2x2x2x2x2x2x2x2x2x2x2x2x2x2x2x2x2x2x2x2x2,3,0.717603,0.718735,0.718106,0.718106,33554432,0.0467,2.995
24,2x2x2x2x2x2x2x2x2x2x2x2x2x2x2x2x2x2x2x2x2x2x2x2,4,0.538909,0.538998,0.538872,0.538909,33554432,0.0623,3.990
24,2x2x2x2x2x2x2x2x2x2x2x2x2x2x2x2x2x2x2x2x2x2x2x2,5,0.440161,0.440126,0.440124,0.440126,33554432,0.0762,4.886
24,2x2x2x2x2x2x2x2x2x2x2x2x2x2x2x2x2x2x2x2x2x2x2x2,6,0.366781,0.366529,0.366650,0.366650,33554432,0.0915,5.865
24,2x2x2x2x2x2x2x2x2x2x2x2x2x2x2x2x2x2x2x2x2x2x2x2,7,0.314258,0.314531,0.314516,0.314516,33554432,0.1067,6.837
24,2x2x2x2x2x2x2x2x2x2x2x2x2x2x2x2x2x2x2x2x2x2x2x2,8,0.287819,0.275203,0.275128,0.275203,33554432,0.1219,7.814
